href,text,player_id
/players/h/hendege02/gamelog/2010,2009-10,hendege02
/players/h/hendege02/gamelog/2011,2010-11,hendege02
/players/h/hendege02/gamelog/2012,2011-12,hendege02
/players/h/hendege02/gamelog/2013,2012-13,hendege02
/players/h/hendege02/gamelog/2014,2013-14,hendege02
/players/h/hendege02/gamelog/2015,2014-15,hendege02
/players/h/hendege02/gamelog/2016,2015-16,hendege02
/players/h/hendege02/gamelog/2017,2016-17,hendege02
/players/h/hendege02/gamelog-playoffs/,Career Playoffs,hendege02
